-260 -6.458 -6.457 -6.456 -6.455 -6.453 -6.452 -6.450 -6.448 -6.446 -6.444 -6.441 -260
-250 -6.441 -6.438 -6.435 -6.432 -6.429 -6.425 -6.421 -6.417 -6.413 -6.408 -6.404 -250

-240 -6.404 -6.399 -6.393 -6.388 -6.382 -6.377 -6.370 -6.364 -6.358 -6.351 -6.344 -240
-230 -6.344 -6.337 -6.329 -6.322 -6.314 -6.306 -6.297 -6.289 -6.280 -6.271 -6.262 -230
-220 -6.262 -6.252 -6.243 -6.233 -6.223 -6.213 -6.202 -6.192 -6.181 -6.170 -6.158 -220
-210 -6.158 -6.147 -6.135 -6.123 -6.111 -6.099 -6.087 -6.074 -6.061 -6.048 -6.035 -210
-200 -6.035 -6.021 -6.007 -5.994 -5.980 -5.965 -5.951 -5.936 -5.922 -5.907 -5.891 -200

-190 -5.891 -5.876 -5.861 -5.845 -5.829 -5.813 -5.797 -5.780 -5.763 -5.747 -5.730 -190
-180 -5.730 -5.713 -5.695 -5.678 -5.660 -5.642 -5.624 -5.606 -5.588 -5.569 -5.550 -180
-170 -5.550 -5.531 -5.512 -5.493 -5.474 -5.454 -5.435 -5.415 -5.395 -5.374 -5.354 -170
-160 -5.354 -5.333 -5.313 -5.292 -5.271 -5.250 -5.228 -5.207 -5.185 -5.163 -5.141 -160
-150 -5.141 -5.119 -5.097 -5.074 -5.052 -5.029 -5.006 -4.983 -4.960 -4.936 -4.913 -150

-140 -4.913 -4.889 -4.865 -4.841 -4.817 -4.793 -4.768 -4.744 -4.719 -4.694 -4.669 -140
-130 -4.669 -4.644 -4.618 -4.593 -4.567 -4.542 -4.516 -4.490 -4.463 -4.437 -4.411 -130
-120 -4.411 -4.384 -4.357 -4.330 -4.303 -4.276 -4.249 -4.221 -4.194 -4.166 -4.138 -120
-110 -4.138 -4.110 -4.082 -4.054 -4.025 -3.997 -3.968 -3.939 -3.911 -3.882 -3.852 -110
-100 -3.852 -3.823 -3.794 -3.764 -3.734 -3.705 -3.675 -3.645 -3.614 -3.584 -3.554 -100

-90 -3.554 -3.523 -3.492 -3.462 -3.431 -3.400 -3.368 -3.337 -3.306 -3.274 -3.243 -90
-80 -3.243 -3.211 -3.179 -3.147 -3.115 -3.083 -3.050 -3.018 -2.986 -2.953 -2.920 -80
-70 -2.920 -2.887 -2.854 -2.821 -2.788 -2.755 -2.721 -2.688 -2.654 -2.620 -2.587 -70
-60 -2.587 -2.553 -2.519 -2.485 -2.450 -2.416 -2.382 -2.347 -2.312 -2.278 -2.243 -60
-50 -2.243 -2.208 -2.173 -2.138 -2.103 -2.067 -2.032 -1.996 -1.961 -1.925 -1.889 -50

-40 -1.889 -1.854 -1.818 -1.782 -1.745 -1.709 -1.673 -1.637 -1.600 -1.564 -1.527 -40
-30 -1.527 -1.490 -1.453 -1.417 -1.380 -1.343 -1.305 -1.268 -1.231 -1.194 -1.156 -30
-20 -1.156 -1.119 -1.081 -1.043 -1.006 -0.968 -0.930 -0.892 -0.854 -0.816 -0.778 -20
-10 -0.778 -0.739 -0.701 -0.663 -0.624 -0.586 -0.547 -0.508 -0.470 -0.431 -0.392 -10
0 -0.392 -0.353 -0.314 -0.275 -0.236 -0.197 -0.157 -0.118 -0.079 -0.039 0.000 0

